0.000000e+00 1 2.500000e-01
0.000000e+00 1 2.400000e-01
0.000000e+00 1 4.100000e-01
0.000000e+00 1 3.100000e-01
0.000000e+00 1 3.500000e-01
0.000000e+00 2 2.400000e-01
0.000000e+00 2 1.800000e-01
0.000000e+00 2 2.600000e-01
0.000000e+00 2 1.800000e-01
0.000000e+00 2 2.800000e-01
0.000000e+00 5 1.100000e-01
0.000000e+00 5 8.000000e-02
0.000000e+00 5 1.200000e-01
0.000000e+00 5 1.600000e-01
0.000000e+00 5 1.700000e-01
0.000000e+00 10 6.000000e-02
0.000000e+00 10 8.000000e-02
0.000000e+00 10 8.000000e-02
0.000000e+00 10 4.000000e-02
0.000000e+00 10 7.000000e-02
0.000000e+00 15 8.000000e-02
0.000000e+00 15 5.000000e-02
0.000000e+00 15 4.000000e-02
0.000000e+00 15 4.000000e-02
0.000000e+00 15 0.000000e+00
0.000000e+00 20 4.000000e-02
0.000000e+00 20 4.000000e-02
0.000000e+00 20 4.000000e-02
0.000000e+00 20 0.000000e+00
0.000000e+00 20 4.000000e-02
0.000000e+00 25 8.000000e-02
0.000000e+00 25 4.000000e-02
0.000000e+00 25 4.000000e-02
0.000000e+00 25 0.000000e+00
0.000000e+00 25 4.000000e-02
0.000000e+00 30 0.000000e+00
0.000000e+00 30 4.000000e-02
0.000000e+00 30 0.000000e+00
0.000000e+00 30 0.000000e+00
0.000000e+00 30 4.000000e-02
5.000000e-02 1 2.800000e-01
5.000000e-02 1 3.300000e-01
5.000000e-02 1 4.300000e-01
5.000000e-02 1 3.900000e-01
5.000000e-02 1 3.600000e-01
5.000000e-02 2 3.000000e-01
5.000000e-02 2 4.600000e-01
5.000000e-02 2 3.400000e-01
5.000000e-02 2 2.600000e-01
5.000000e-02 2 2.300000e-01
5.000000e-02 5 2.300000e-01
5.000000e-02 5 2.300000e-01
5.000000e-02 5 1.300000e-01
5.000000e-02 5 1.800000e-01
5.000000e-02 5 1.100000e-01
5.000000e-02 10 8.000000e-02
5.000000e-02 10 8.000000e-02
5.000000e-02 10 8.000000e-02
5.000000e-02 10 1.000000e-01
5.000000e-02 10 4.000000e-02
5.000000e-02 15 8.000000e-02
5.000000e-02 15 5.000000e-02
5.000000e-02 15 4.000000e-02
5.000000e-02 15 6.000000e-02
5.000000e-02 15 7.000000e-02
5.000000e-02 20 8.000000e-02
5.000000e-02 20 0.000000e+00
5.000000e-02 20 4.000000e-02
5.000000e-02 20 5.000000e-02
5.000000e-02 20 5.000000e-02
5.000000e-02 25 4.000000e-02
5.000000e-02 25 8.000000e-02
5.000000e-02 25 9.000000e-02
5.000000e-02 25 4.000000e-02
5.000000e-02 25 1.000000e-01
5.000000e-02 30 4.000000e-02
5.000000e-02 30 4.000000e-02
5.000000e-02 30 4.000000e-02
5.000000e-02 30 5.000000e-02
5.000000e-02 30 4.000000e-02
1.000000e-01 1 3.600000e-01
1.000000e-01 1 3.300000e-01
1.000000e-01 1 3.700000e-01
1.000000e-01 1 3.200000e-01
1.000000e-01 1 3.400000e-01
1.000000e-01 2 3.400000e-01
1.000000e-01 2 2.300000e-01
1.000000e-01 2 3.000000e-01
1.000000e-01 2 3.900000e-01
1.000000e-01 2 3.600000e-01
1.000000e-01 5 2.900000e-01
1.000000e-01 5 1.600000e-01
1.000000e-01 5 3.200000e-01
1.000000e-01 5 1.200000e-01
1.000000e-01 5 1.900000e-01
1.000000e-01 10 2.600000e-01
1.000000e-01 10 2.200000e-01
1.000000e-01 10 1.500000e-01
1.000000e-01 10 1.500000e-01
1.000000e-01 10 2.400000e-01
1.000000e-01 15 9.000000e-02
1.000000e-01 15 3.000000e-01
1.000000e-01 15 2.600000e-01
1.000000e-01 15 7.000000e-02
1.000000e-01 15 2.400000e-01
1.000000e-01 20 2.100000e-01
1.000000e-01 20 4.000000e-02
1.000000e-01 20 2.100000e-01
1.000000e-01 20 2.300000e-01
1.000000e-01 20 1.900000e-01
1.000000e-01 25 2.900000e-01
1.000000e-01 25 2.400000e-01
1.000000e-01 25 2.500000e-01
1.000000e-01 25 2.500000e-01
1.000000e-01 25 2.200000e-01
1.000000e-01 30 2.100000e-01
1.000000e-01 30 2.000000e-01
1.000000e-01 30 2.300000e-01
1.000000e-01 30 2.200000e-01
1.000000e-01 30 2.200000e-01
1.500000e-01 1 3.800000e-01
1.500000e-01 1 3.800000e-01
1.500000e-01 1 3.900000e-01
1.500000e-01 1 3.900000e-01
1.500000e-01 1 3.800000e-01
1.500000e-01 2 3.900000e-01
1.500000e-01 2 4.400000e-01
1.500000e-01 2 5.000000e-01
1.500000e-01 2 4.000000e-01
1.500000e-01 2 3.600000e-01
1.500000e-01 5 3.500000e-01
1.500000e-01 5 2.700000e-01
1.500000e-01 5 3.900000e-01
1.500000e-01 5 2.700000e-01
1.500000e-01 5 2.200000e-01
1.500000e-01 10 2.500000e-01
1.500000e-01 10 2.700000e-01
1.500000e-01 10 2.700000e-01
1.500000e-01 10 2.900000e-01
1.500000e-01 10 2.700000e-01
1.500000e-01 15 2.400000e-01
1.500000e-01 15 2.700000e-01
1.500000e-01 15 2.600000e-01
1.500000e-01 15 2.800000e-01
1.500000e-01 15 2.800000e-01
1.500000e-01 20 2.500000e-01
1.500000e-01 20 3.200000e-01
1.500000e-01 20 3.000000e-01
1.500000e-01 20 2.600000e-01
1.500000e-01 20 3.000000e-01
1.500000e-01 25 2.600000e-01
1.500000e-01 25 2.900000e-01
1.500000e-01 25 2.700000e-01
1.500000e-01 25 2.800000e-01
1.500000e-01 25 2.400000e-01
1.500000e-01 30 3.700000e-01
1.500000e-01 30 2.200000e-01
1.500000e-01 30 2.600000e-01
1.500000e-01 30 2.900000e-01
1.500000e-01 30 2.500000e-01
2.000000e-01 1 4.400000e-01
2.000000e-01 1 3.800000e-01
2.000000e-01 1 3.900000e-01
2.000000e-01 1 3.300000e-01
2.000000e-01 1 3.600000e-01
2.000000e-01 2 4.500000e-01
2.000000e-01 2 4.600000e-01
2.000000e-01 2 3.700000e-01
2.000000e-01 2 3.100000e-01
2.000000e-01 2 3.900000e-01
2.000000e-01 5 3.800000e-01
2.000000e-01 5 3.500000e-01
2.000000e-01 5 3.800000e-01
2.000000e-01 5 3.300000e-01
2.000000e-01 5 2.800000e-01
2.000000e-01 10 3.900000e-01
2.000000e-01 10 3.700000e-01
2.000000e-01 10 3.800000e-01
2.000000e-01 10 3.700000e-01
2.000000e-01 10 4.400000e-01
2.000000e-01 15 4.100000e-01
2.000000e-01 15 3.500000e-01
2.000000e-01 15 4.000000e-01
2.000000e-01 15 3.700000e-01
2.000000e-01 15 3.900000e-01
2.000000e-01 20 4.200000e-01
2.000000e-01 20 3.700000e-01
2.000000e-01 20 3.500000e-01
2.000000e-01 20 4.000000e-01
2.000000e-01 20 3.800000e-01
2.000000e-01 25 3.400000e-01
2.000000e-01 25 4.200000e-01
2.000000e-01 25 2.200000e-01
2.000000e-01 25 3.300000e-01
2.000000e-01 25 4.100000e-01
2.000000e-01 30 4.000000e-01
2.000000e-01 30 3.700000e-01
2.000000e-01 30 4.000000e-01
2.000000e-01 30 3.700000e-01
2.000000e-01 30 3.700000e-01
