6.000000e-01 1 4.100000e-01
6.000000e-01 1 5.300000e-01
6.000000e-01 1 5.100000e-01
6.000000e-01 1 4.500000e-01
6.000000e-01 1 4.100000e-01
6.000000e-01 2 4.600000e-01
6.000000e-01 2 4.400000e-01
6.000000e-01 2 4.500000e-01
6.000000e-01 2 4.100000e-01
6.000000e-01 2 2.900000e-01
6.000000e-01 5 4.300000e-01
6.000000e-01 5 4.200000e-01
6.000000e-01 5 3.500000e-01
6.000000e-01 5 4.200000e-01
6.000000e-01 5 4.600000e-01
6.000000e-01 10 3.700000e-01
6.000000e-01 10 3.900000e-01
6.000000e-01 10 3.900000e-01
6.000000e-01 10 3.900000e-01
6.000000e-01 10 4.500000e-01
6.000000e-01 15 3.100000e-01
6.000000e-01 15 4.000000e-01
6.000000e-01 15 4.200000e-01
6.000000e-01 15 3.400000e-01
6.000000e-01 15 4.100000e-01
6.000000e-01 20 3.600000e-01
6.000000e-01 20 3.800000e-01
6.000000e-01 20 4.300000e-01
6.000000e-01 20 4.000000e-01
6.000000e-01 20 4.500000e-01
6.000000e-01 25 3.900000e-01
6.000000e-01 25 3.800000e-01
6.000000e-01 25 3.500000e-01
6.000000e-01 25 4.500000e-01
6.000000e-01 25 4.500000e-01
6.000000e-01 30 4.400000e-01
6.000000e-01 30 3.900000e-01
6.000000e-01 30 3.700000e-01
6.000000e-01 30 4.400000e-01
6.000000e-01 30 4.100000e-01
6.500000e-01 1 3.000000e-01
6.500000e-01 1 3.800000e-01
6.500000e-01 1 4.100000e-01
6.500000e-01 1 4.400000e-01
6.500000e-01 1 3.700000e-01
6.500000e-01 2 5.200000e-01
6.500000e-01 2 3.000000e-01
6.500000e-01 2 3.500000e-01
6.500000e-01 2 3.300000e-01
6.500000e-01 2 4.500000e-01
6.500000e-01 5 3.300000e-01
6.500000e-01 5 3.700000e-01
6.500000e-01 5 3.200000e-01
6.500000e-01 5 2.400000e-01
6.500000e-01 5 2.100000e-01
6.500000e-01 10 4.000000e-01
6.500000e-01 10 3.500000e-01
6.500000e-01 10 1.000000e-01
6.500000e-01 10 3.500000e-01
6.500000e-01 10 2.100000e-01
6.500000e-01 15 3.800000e-01
6.500000e-01 15 3.700000e-01
6.500000e-01 15 3.600000e-01
6.500000e-01 15 3.800000e-01
6.500000e-01 15 3.300000e-01
6.500000e-01 20 3.200000e-01
6.500000e-01 20 3.300000e-01
6.500000e-01 20 3.100000e-01
6.500000e-01 20 3.800000e-01
6.500000e-01 20 3.200000e-01
6.500000e-01 25 3.200000e-01
6.500000e-01 25 3.300000e-01
6.500000e-01 25 3.100000e-01
6.500000e-01 25 3.700000e-01
6.500000e-01 25 3.200000e-01
6.500000e-01 30 3.200000e-01
6.500000e-01 30 9.000000e-02
6.500000e-01 30 3.300000e-01
6.500000e-01 30 3.100000e-01
6.500000e-01 30 3.100000e-01
7.000000e-01 1 3.500000e-01
7.000000e-01 1 3.300000e-01
7.000000e-01 1 2.700000e-01
7.000000e-01 1 3.600000e-01
7.000000e-01 1 3.000000e-01
7.000000e-01 2 3.600000e-01
7.000000e-01 2 2.800000e-01
7.000000e-01 2 3.200000e-01
7.000000e-01 2 4.100000e-01
7.000000e-01 2 4.500000e-01
7.000000e-01 5 1.500000e-01
7.000000e-01 5 2.500000e-01
7.000000e-01 5 1.200000e-01
7.000000e-01 5 1.200000e-01
7.000000e-01 5 9.000000e-02
7.000000e-01 10 1.300000e-01
7.000000e-01 10 1.900000e-01
7.000000e-01 10 8.000000e-02
7.000000e-01 10 1.300000e-01
7.000000e-01 10 8.000000e-02
7.000000e-01 15 1.600000e-01
7.000000e-01 15 2.900000e-01
7.000000e-01 15 3.000000e-01
7.000000e-01 15 9.000000e-02
7.000000e-01 15 1.200000e-01
7.000000e-01 20 1.000000e-01
7.000000e-01 20 8.000000e-02
7.000000e-01 20 7.000000e-02
7.000000e-01 20 1.300000e-01
7.000000e-01 20 5.000000e-02
7.000000e-01 25 8.000000e-02
7.000000e-01 25 8.000000e-02
7.000000e-01 25 2.600000e-01
7.000000e-01 25 5.000000e-02
7.000000e-01 25 1.300000e-01
7.000000e-01 30 1.000000e-01
7.000000e-01 30 7.000000e-02
7.000000e-01 30 9.000000e-02
7.000000e-01 30 4.000000e-02
7.000000e-01 30 2.700000e-01
